0.000 0.000 0.000
0.000 0.000 0.707
0.000 0.000 1.414
0.000 0.000 2.121
0.000 0.000 2.828
0.000 0.000 3.535
0.000 0.000 4.242
0.000 0.000 4.949
0.000 0.000 5.657
0.000 0.000 6.364
0.000 0.000 7.071
0.000 0.000 7.778
0.000 0.000 8.485
0.000 0.000 9.192
0.000 0.000 9.899
0.000 0.000 10.606
0.000 0.000 11.313
0.000 0.000 12.020
0.000 0.000 12.727
0.000 0.000 13.434
0.000 0.000 14.141
0.000 0.000 14.848
0.000 0.000 15.556
0.000 0.000 16.263
0.000 0.000 16.970
0.000 0.000 17.677
0.000 0.000 18.384
0.000 0.000 19.091
0.000 0.000 19.798
0.000 0.000 20.505
0.000 0.000 21.212
0.000 0.000 21.919
0.000 0.000 22.626
0.000 0.000 23.333
0.000 0.000 24.040
0.000 0.000 24.747
0.000 0.000 25.455
0.000 0.000 26.162
0.000 0.000 26.869
0.000 0.000 27.576
0.000 0.000 28.283
0.000 0.000 28.990
0.000 0.000 29.697
0.000 0.000 30.404
0.000 0.000 31.111
0.000 0.000 31.818
0.000 0.000 32.525
0.000 0.000 33.232
0.000 0.000 33.939
0.000 0.000 34.646
0.000 0.000 35.354
0.000 0.000 36.061
0.000 0.000 36.768
0.000 0.000 37.475
0.000 0.000 38.182
0.000 0.000 38.889
0.000 0.000 39.596
0.000 0.000 40.303
0.000 0.000 41.010
0.000 0.000 41.717
0.000 0.000 42.424
0.000 0.000 43.131
0.000 0.000 43.838
0.000 0.000 44.545
0.000 0.000 45.253
0.000 0.000 45.960
0.000 0.000 46.667
0.000 0.000 47.374
0.000 0.000 48.081
0.000 0.000 48.788
0.000 0.000 49.495
0.000 0.000 50.202
0.000 0.000 50.909
0.000 0.000 51.616
0.000 0.000 52.323
0.000 0.000 53.030
0.000 0.000 53.737
0.000 0.000 54.444
0.000 0.000 55.152
0.000 0.000 55.859
0.000 0.000 56.566
0.000 0.000 57.273
0.000 0.000 57.980
0.000 0.000 58.687
0.000 0.000 59.394
0.000 0.000 60.101
0.000 0.000 60.808
0.000 0.000 61.515
0.000 0.000 62.222
0.000 0.000 62.929
0.000 0.000 63.636
0.000 0.000 64.343
0.000 0.000 65.051
0.000 0.000 65.758
0.000 0.000 66.465
0.000 0.000 67.172
0.000 0.000 67.879
0.000 0.000 68.586
0.000 0.000 69.293
0.000 0.000 70.000
